1 7 94 435 434 542 180 69 68 
1 4 94 96 336 335 
1 2 335 40 
1 2 335 177 
1 3 68 407 408 
1 2 177 311 
1 3 311 193 9 
1 3 408 340 341 
1 6 40 41 562 275 276 197 
1 3 9 365 329 
1 2 329 365 
1 4 40 41 301 302 
1 3 9 524 304 
1 3 365 89 88 
1 3 302 222 220 
1 2 304 119 
1 2 220 248 
1 3 88 272 218 
1 2 88 388 
1 3 388 387 211 
1 3 218 397 396 
1 2 388 237 
1 4 220 219 98 99 
1 2 396 133 
1 2 396 124 
1 2 99 488 
1 2 99 4 
1 3 211 19 20 
1 2 124 486 
1 3 20 260 261 
1 2 133 215 
1 2 20 323 
1 3 323 360 138 
1 2 486 288 
1 2 323 91 
1 3 215 356 355 
1 3 215 214 43 
1 4 4 495 141 129 
1 3 355 354 228 
1 3 76 309 212 
1 2 212 309 
1 2 212 151 
1 5 151 70 152 433 432 
1 3 76 449 450 
1 3 432 132 131 
1 3 151 213 313 
1 2 313 3 
1 3 313 314 471 
1 4 432 252 202 146 
1 3 471 361 561 
1 2 561 361 
1 2 146 172 
1 4 3 457 223 225 
1 5 561 44 533 550 369 
1 2 172 473 
1 3 361 363 527 
1 2 225 66 
1 2 225 348 
1 4 527 526 403 52 
1 5 527 438 437 456 192 
1 4 66 67 490 161 
1 3 527 438 439 
1 4 348 349 350 12 
1 3 485 484 209 
1 3 485 479 324 
1 3 485 483 286 
1 2 324 291 
1 4 485 421 423 422 
1 3 324 37 39 
1 2 209 21 
1 2 324 499 
1 2 286 371 
1 3 39 37 448 
1 3 286 104 380 
1 2 39 106 
1 2 499 102 
1 2 102 61 
1 2 380 558 
1 2 21 140 
1 3 371 370 149 
1 2 149 126 
1 2 149 320 
1 3 106 501 500 
1 2 140 399 
1 4 500 502 447 7 
1 3 500 537 240 
1 3 558 56 57 
1 3 240 241 199 
1 4 7 382 383 414 
1 3 149 150 169 
1 3 240 537 538 
1 3 399 82 279 
1 3 169 171 262 
1 2 414 512 
1 2 57 321 
1 3 512 114 297 
1 4 320 319 235 345 
1 10 538 115 538 537 244 243 50 51 48 49 
1 4 297 337 164 163 
1 4 345 342 194 459 
1 3 459 204 265 
1 3 265 266 33 
