1 3
1 4
1 7
1 9
1 12
1 20
1 21
1 33
1 39
1 40
1 43
1 49
1 52
1 57
1 61
1 66
1 68
1 76
1 88
1 91
1 94
1 99
1 102
1 106
1 119
1 124
1 126
1 129
1 131
1 133
1 138
1 140
1 146
1 149
1 151
1 161
1 163
1 169
1 172
1 177
1 192
1 197
1 199
1 209
1 211
1 212
1 215
1 218
1 220
1 225
1 228
1 237
1 240
1 248
1 261
1 262
1 265
1 279
1 286
1 288
1 291
1 297
1 302
1 304
1 309
1 311
1 313
1 320
1 321
1 323
1 324
1 329
1 335
1 341
1 345
1 348
1 355
1 361
1 365
1 369
1 371
1 380
1 388
1 396
1 399
1 408
1 414
1 422
1 432
1 439
1 448
1 450
1 459
1 471
1 473
1 485
1 486
1 488
1 499
1 500
1 512
1 527
1 538
1 558
1 561
